IMG_0476.JPG
195 283 198 202
IMG_0477.JPG
213 359 184 178
IMG_0478.JPG
305 406 -111 -119
IMG_0479.JPG
175 198 131 136
IMG_0480.JPG
228 261 117 130
IMG_0481.JPG
271 238 103 116
IMG_0482.JPG
205 383 239 264
IMG_0483.JPG
351 376 -122 -121
IMG_0484.JPG
334 410 -167 -159
IMG_0485.JPG
180 201 204 227
IMG_0486.JPG
179 266 153 180
IMG_0487.JPG
215 237 211 247
IMG_0488.JPG
205 211 171 181
IMG_0489.JPG
378 475 -197 -213
IMG_0490.JPG
279 315 181 255
IMG_0491.JPG
387 394 -150 -169
IMG_0492.JPG
219 337 143 151
IMG_0493.JPG
254 373 -88 -96
IMG_0494.JPG
273 356 130 124
IMG_0495.JPG
251 297 102 104
IMG_0496.JPG
159 162 136 153
