IMG_0337.JPG
228 336 140 131
IMG_0338.JPG
177 354 236 240
IMG_0339.JPG
248 351 197 180
IMG_0340.JPG
231 349 234 206
IMG_0341.JPG
251 293 122 126
IMG_0342.JPG
188 340 188 174
IMG_0343.JPG
237 230 147 138
IMG_0344.JPG
220 362 194 186
IMG_0345.JPG
131 271 174 167
IMG_0346.JPG
257 232 157 151
IMG_0347.JPG
134 276 144 143
IMG_0348.JPG
231 197 132 137
IMG_0349.JPG
223 290 179 151
IMG_0350.JPG
151 396 156 145
IMG_0351.JPG
269 377 134 123
IMG_0352.JPG
164 322 161 152
IMG_0353.JPG
229 39 180 168
IMG_0354.JPG
165 162 177 153
IMG_0355.JPG
276 268 118 113
IMG_0356.JPG
259 263 135 120
IMG_0357.JPG
212 280 122 110
IMG_0358.JPG
239 283 132 127
IMG_0359.JPG
251 245 128 125
IMG_0360.JPG
285 249 161 143
IMG_0361.JPG
236 245 188 156
IMG_0362.JPG
215 296 135 142
IMG_0363.JPG
181 158 94 78
IMG_0364.JPG
125 331 124 112
IMG_0365.JPG
178 200 182 179
IMG_0366.JPG
76 143 237 247
IMG_0367.JPG
144 253 188 179
IMG_0368.JPG
194 230 149 138
IMG_0369.JPG
233 203 186 167
